1.5,2.5,3.5,5,7
3.2,3.9,5,6,4.5
0.30123,2.2,0.066981,0,0,0.20036,0.061087
0.479,2.2119,0.26778,0,0,0.17776,0.20159
0.65194,2.2594,0.36068,0,0,0.17837,0.073304
0.79584,2.3136,0.38779,0,0,0.15333,0.054978
0.91797,2.3635,0.49033,0,1,0.13134,0.10385,-0.49033,0.037674,0,2,5
1.0244,2.4203,0.59249,1,1,0.11973,0.073304,-0.59249,0.044674,0,1,6,-0.59249,0.044674,0,2,6
1.1185,2.4837,0.61101,1,0,0.1124,0.024435,-0.61101,0.045896,0,1,7
1.2008,2.5413,0.65137,0,0,0.10018,0.061087
1.2663,2.5913,0.66139,0,0,0.081856,0.048869
1.3216,2.6343,0.7627,0,0,0.069639,0.085521
1.3651,2.6759,0.78853,0,0,0.059254,0.042761
1.4022,2.7132,0.7853,0,0,0.051924,0.0061087
1.5531,2.8641,0.87459,1,0,0.21319,0.054978,0.6962,0.051305,1,1,13
1.6747,3.0096,0.84229,1,1,0.18876,-0.054978,0.72851,0.053261,1,1,14,0.72851,0.053261,1,2,14
1.7874,3.1359,0.86673,0,1,0.1686,0.036652,0.70407,0.051786,1,2,15
1.8768,3.2412,0.88817,0,1,0.13744,0.030543,-0.88817,0.062073,0,2,16
1.9499,3.3311,0.83074,0,1,0.11545,-0.0061087,-0.83074,0.059074,0,2,17
2.0202,3.4081,0.81255,1,1,0.10385,-0.048869,-0.81255,0.058083,0,1,18,-0.81255,0.058083,0,2,18
2.0833,3.4747,0.68321,1,0,0.09163,-0.097738,-0.68321,0.050503,0,1,19
2.1328,3.515,0.68825,1,0,0.062919,-0.0061087,-0.68825,0.050815,0,1,20
2.1806,3.5543,0.6725,0,0,0.061697,-0.030543
2.3429,3.6835,0.69443,0,0,0.20708,0.018326
2.5036,3.8173,0.71605,0,0,0.20831,-0.0061087
2.6581,3.9518,0.76014,1,0,0.20403,-8.2612e-18,0.81066,0.057979,1,1,24
2.7912,4.0783,0.75578,0,1,0.18326,0.024435,0.81502,0.058219,1,2,25
2.9045,4.1851,0.7832,0,1,0.15516,0.012217,-0.7832,0.056444,0,2,26
2.9983,4.2785,0.79034,1,1,0.13134,0.018326,-0.79034,0.056847,0,1,27,-0.79034,0.056847,0,2,27
3.0794,4.3604,0.85081,1,0,0.11484,0.024435,-0.85081,0.060145,0,1,28
3.1456,4.4359,0.91705,1,0,0.099571,0.018326,-0.91705,0.063505,0,1,29
3.1934,4.4983,0.86102,0,0,0.078191,-0.012217
3.2428,4.5557,0.8718,0,0,0.075136,0.0061087
3.2834,4.604,0.90382,0,0,0.062308,9.2109e-18
3.4112,4.7664,0.98062,0,0,0.20586,0.054978
3.5237,4.9343,0.99317,1,0,0.20159,0.036652,0.57763,0.043683,1,1,34
3.6366,5.1075,0.97753,0,1,0.20647,-0.036652,0.59326,0.044726,1,2,35
3.7481,5.273,0.96033,0,0,0.19914,-0.036652
3.8535,5.4236,0.83933,0,1,0.18326,-0.073304,-0.83933,0.059535,0,2,37
3.9607,5.543,0.77481,1,1,0.15944,-0.09163,-0.77481,0.055966,0,1,38,-0.77481,0.055966,0,2,38
4.0655,5.6456,0.69339,1,0,0.146,-0.067195,-0.69339,0.051132,0,1,39
4.1621,5.7259,0.65771,0,0,0.12523,-0.018326
4.2476,5.792,0.61709,0,0,0.10751,-0.061087
4.3218,5.8446,0.59893,1,0,0.090408,-0.012217,0.97186,0.066075,1,1,42
4.388,5.8898,0.4596,1,0,0.079412,-0.13439,1.1112,0.071699,1,1,43
4.4546,5.9228,0.45326,1,0,0.073915,0.0061087,1.1175,0.071922,1,1,44
4.5092,5.9494,0.35257,1,0,0.059865,-0.10996,1.2182,0.075079,1,1,45
4.6999,6.0195,0.2365,1,1,0.2022,-0.12828,1.3343,0.077773,1,1,46,1.3343,0.077773,1,2,46
4.8975,6.0671,0.11887,0,1,0.20281,-0.10996,-0.11887,0.0094871,0,2,47,1.4519,0.079435,1,2,47
5.099,6.0912,0.024018,1,1,0.2022,-0.10385,-0.024018,0.0019213,0,1,48,1.5468,0.079977,1,2,48
5.3039,6.0961,-0.094382,0,1,0.20403,-0.085521,1.6652,0.079644,1,2,49
5.5039,6.0772,-0.091407,0,1,0.20036,-0.036652,1.6622,0.079666,1,2,50
5.6982,6.0594,-0.13556,0,1,0.19487,-0.042761,1.7064,0.079266,1,2,51
5.8967,6.0323,-0.19351,1,1,0.19975,-0.067195,0.19351,0.015384,0,1,52,1.7643,0.078507,1,2,52
6.088,5.9948,-0.26968,1,1,0.19426,-0.097738,1.8405,0.077108,1,1,53,0.26968,0.021314,0,2,53,1.8405,0.077108,1,2,53
6.2584,5.9477,-0.35317,1,0,0.17593,-0.073304,1.924,0.075062,1,1,54
6.413,5.8907,-0.46537,1,0,0.16371,-0.097738,2.0362,0.071492,1,1,55
6.5504,5.8217,-0.54622,0,0,0.15333,-0.10385
6.6761,5.7453,-0.68848,0,0,0.14661,-0.10996
6.7843,5.6563,-0.76256,0,0,0.13989,-0.09163
6.8753,5.5694,-0.72859,1,0,0.12523,-0.018326,0.72859,0.053266,0,1,59
6.9531,5.4999,-0.85326,1,0,0.10324,-0.09163,0.85326,0.060274,0,1,60
7.0216,5.4214,-0.89705,1,1,0.10324,-0.067195,0.89705,0.062519,0,1,61,0.89705,0.062519,0,2,61
7.0772,5.3518,-1.0047,0,1,0.088575,-0.10385,1.0047,0.067518,0,2,62
7.1253,5.2761,-1.0739,0,1,0.089186,-0.12217,1.0739,0.070326,0,2,63
7.1653,5.2023,-1.1546,0,1,0.083689,-0.11606,1.1546,0.073172,0,2,64
7.1915,5.1431,-1.2902,0,0,0.064141,-0.1405
7.2106,5.0769,-1.4111,1,1,0.068417,-0.12217,2.9819,0.012722,1,1,66,2.9819,0.012722,1,2,66
7.2215,5.009,-1.4832,1,1,0.067806,-0.09163,3.054,0.0069969,1,1,67,3.054,0.0069969,1,2,67
7.227,4.9467,-1.5809,1,1,0.062308,-0.12217,3.1516,0.00080451,1,1,68,3.1516,0.00080451,1,2,68
7.2265,4.8949,-1.6649,0,1,0.050702,-0.10385,3.2357,0.0075203,1,2,69
